85 137 81 70 75 148 132 125 71 101 
21 150 89 117 70 95 11 97 93 139 
48 2 87 103 82 116 102 113 148 38 
95 37 117 121 79 49 27 6 149 103 
103 102 79 57 24 120 54 65 5 92 
60 135 52 5 113 4 125 102 150 138 
103 52 19 7 2 33 130 75 86 134 
121 34 51 138 79 66 25 144 149 132 
93 63 13 2 52 36 148 102 3 55 
26 129 127 104 90 71 84 40 67 73 
12 118 4 107 28 136 137 30 57 74 
126 6 99 48 124 92 33 73 23 89 
37 145 70 105 92 123 13 46 43 67 
54 85 89 137 64 75 23 109 55 81 
64 69 112 95 132 149 122 81 145 136 
146 100 61 140 133 143 33 79 42 98 
31 18 149 144 65 107 104 51 28 85 
87 138 71 47 3 26 69 135 105 63 
14 138 135 27 66 23 14 98 135 51 
80 122 5 37 145 83 128 8 31 43 
81 147 83 63 42 23 97 31 99 79 
133 145 9 133 134 74 38 87 99 59 
83 17 16 109 48 115 146 95 56 4 
108 138 54 146 84 19 29 60 139 45 
125 13 60 31 102 59 84 24 38 10 
25 31 19 3 97 104 146 17 137 111 
78 52 49 71 29 57 125 115 147 139 
64 20 64 121 80 105 36 146 144 18 
100 23 71 102 50 92 80 26 101 8 
139 105 13 52 41 111 143 102 47 99 
137 12 46 76 135 63 53 86 43 97 
107 107 123 104 143 109 93 146 97 1 
123 34 23 44 145 103 30 15 134 142 
41 143 69 50 111 9 54 130 28 63 
111 54 91 53 136 133 104 4 126 91 
106 71 108 81 62 61 43 116 95 28 
105 5 96 109 144 42 35 117 128 86 
47 22 21 104 11 121 108 98 39 149 
31 108 60 109 34 93 10 125 111 49 
84 66 32 71 5 112 26 42 132 56 
55 29 90 11 93 79 52 80 52 120 
33 18 148 41 27 124 92 81 23 70 
121 35 49 140 45 103 132 83 137 117 
149 44 81 34 118 10 76 1 19 117 
27 14 116 67 72 34 48 134 140 138 
1 44 89 25 50 123 141 43 102 93 
27 38 140 98 131 78 31 41 22 20 
126 92 9 23 45 137 119 143 88 9 
146 53 114 35 12 85 30 125 124 18 
92 134 4 56 123 58 41 52 127 60 
30 97 146 44 126 43 91 126 8 50 
115 54 92 109 90 115 75 68 23 102 
36 5 92 93 102 2 70 21 146 121 
56 30 71 119 118 70 18 61 39 82 
42 31 59 135 134 86 46 81 120 124 
45 8 131 27 142 109 86 83 121 62 
72 8 66 97 120 66 92 92 131 79 
133 53 113 89 70 147 7 131 121 107 
117 44 99 99 78 81 13 40 33 1 
125 61 4 21 115 137 61 91 36 97 
